2 0.10234375 0.12265625 0.1765625 0.16015625
2 0.26796875 0.125 0.15625 0.1578125
2 0.4234375 0.12265625 0.15546875 0.14453125
2 0.57578125 0.121875 0.146875 0.14375
2 0.73515625 0.11875 0.16171875 0.14375
2 0.89296875 0.11953125 0.1703125 0.14921875
1 0.09921875 0.3 0.14375 0.1359375
1 0.2390625 0.3015625 0.13671875 0.13828125
1 0.371875 0.3 0.128125 0.13515625
1 0.50234375 0.2984375 0.12890625 0.13203125
1 0.6328125 0.29765625 0.1359375 0.1296875
1 0.76171875 0.29765625 0.11953125 0.13125
1 0.88359375 0.2984375 0.121875 0.1296875
3 0.08671875 0.45859375 0.09453125 0.1125
3 0.178125 0.46015625 0.0859375 0.11484375
6 0.265625 0.459375 0.090625 0.115625
6 0.35 0.45859375 0.07890625 0.115625
11 0.42734375 0.459375 0.0828125 0.11484375
11 0.51015625 0.4578125 0.08515625 0.11171875
7 0.5984375 0.45859375 0.0921875 0.11640625
5 0.6890625 0.45625 0.090625 0.1140625
5 0.77578125 0.45546875 0.0921875 0.11640625
5 0.86953125 0.4546875 0.08515625 0.1171875
9 0.12734375 0.6078125 0.13671875 0.10703125
9 0.26015625 0.6078125 0.1296875 0.1078125
9 0.3921875 0.609375 0.1328125 0.11015625
4 0.50546875 0.6078125 0.08828125 0.121875
4 0.596875 0.609375 0.0953125 0.1171875
4 0.6890625 0.6078125 0.09765625 0.115625
0 0.81171875 0.58046875 0.1546875 0.059375
8 0.11015625 0.7453125 0.10625 0.09140625
8 0.22265625 0.74296875 0.11015625 0.09140625
8 0.33671875 0.74375 0.11484375 0.09140625
8 0.45234375 0.74453125 0.1125 0.09609375
8 0.5640625 0.74375 0.10859375 0.09296875
8 0.67578125 0.74375 0.1140625 0.09375
8 0.7921875 0.74453125 0.11640625 0.09296875
12 0.1234375 0.85625 0.10703125 0.0859375
12 0.12578125 0.925 0.10703125 0.090625
12 0.23046875 0.92265625 0.1 0.084375
12 0.23125 0.85078125 0.103125 0.08046875
12 0.3375 0.8515625 0.10234375 0.08359375
12 0.33515625 0.92109375 0.0984375 0.08671875
10 0.44921875 0.853125 0.10078125 0.08515625
10 0.4453125 0.92265625 0.09765625 0.08828125
10 0.553125 0.85234375 0.1015625 0.08125
10 0.54921875 0.921875 0.09765625 0.084375
10 0.6625 0.8484375 0.09609375 0.0734375
10 0.65 0.91484375 0.096875 0.090625
10 0.75390625 0.9171875 0.10234375 0.0859375
10 0.76953125 0.84921875 0.10390625 0.07734375