0 0.670045 0.62223 0.0652378 0.141147
0 0.515072 0.0786898 0.0337735 0.0814753
0 0.687412 0.77975 0.0353552 0.142926
0 0.293566 0.782612 0.0303725 0.138831
0 0.0642647 0.602749 0.0978861 0.11332
0 0.483038 0.623289 0.0267857 0.14034
0 0.213363 0.0815665 0.0289489 0.0785632
1 0.905957 0.77711 0.0631447 0.136839
0 0.865135 0.77684 0.0265682 0.132283
0 0.456366 0.0608976 0.0328209 0.111899
1 0.962249 0.618426 0.0427696 0.119724
0 0.968869 0.449151 0.0361271 0.14218
0 0.08041 0.0690666 0.157782 0.106513
